2.050963646483937168e+02
9.841126760451189739e+02
3.464094919347581936e+02
3.396615563880595801e+02
2.303812046872559733e+02
5.942782662770168827e+02
4.974834466263740751e+02
4.502558763163236222e+02
7.213875967304749111e+02
7.730028056656631179e+02
6.440048868994856548e+02
8.434934961843034671e+02
1.062345408578026991e+03
1.008216829507930242e+03
2.675829688481661833e+03
1.702676294090052806e+03
1.269899364958308070e+03
9.461072318110432207e+02
1.659651133408688565e+03
5.567172724540271702e+03
3.922692505573711969e+03
1.449893773256742406e+03
8.998559373093121394e+02
1.239651110020607348e+03
8.453051211060779906e+02
1.214317636821112956e+03
5.325319520613468285e+02
2.051851555396739002e+02
4.682616866339316744e+02
5.844392901879971305e+02
5.614522587946121348e+02
1.600007261269957326e+03
2.586398507484647780e+03
6.397178615966113284e+02
1.752236518274693708e+03
nan
nan
1.751195382950645580e+02
9.744380363286117586e+01
3.936062055364897105e+02
4.462845179798176787e+02
2.876977683718342860e+02
1.793824199089287049e+03
5.857692607397489155e+02
1.359268862803510046e+03
7.983147579699375456e+02
2.773620889292733864e+03
3.629308158405218819e+03
3.165143607485329994e+03
2.495319237372216776e+03
6.993003628912870226e+02
6.929990659893935572e+02
7.066200715243033414e+01
8.520016003247019398e+01
4.931203154584326853e+01
4.749049475068176207e+01
7.868434373073864663e+02
3.688182306585715082e+02
1.042694363004315619e+03
1.070762719802531592e+03
7.581849061555519256e+03
1.120310500504027004e+03
5.516762449122909402e+02
7.757851597536320014e+02
7.876188269228379113e+01
5.235910299241672874e+02
1.839994825226874013e+02
9.545295293552854332e+01
3.100530358838528855e+01
1.807129386461928533e+01
6.144437963186527440e+01
5.217563279723078296e+01
4.005350528637988646e+03
3.072565679476979312e+02
1.279666165357341015e+03
9.837189975144693790e+02
5.536400748573919373e+02
7.361892245510705379e+02
6.459576743596165898e+02
7.264236259318313387e+02
1.052125379887427528e+02
3.310582984410918925e+02
8.645954943683778993e+01
2.428859535502741664e+02
3.629719800256526128e+02
2.681078835750710141e+02
3.414522525268926074e+03
5.900319332727624442e+02
1.307506847038849173e+03
2.005146569541887402e+03
3.692047232109191555e+03
4.272519128942765747e+03
nan
7.475038268371496031e+01
3.424249552914680407e+03
3.261604772090648112e+03
1.171031498146031709e+02
1.316927945082371252e+03
3.438932353255517228e+03
1.337301019237562741e+03
2.111838475981795455e+03
2.868250515701296990e+03
6.043323250131101076e+02
2.657308458071996711e+02
9.062099759458326389e+02
8.951975509990114688e+02
1.385038038029921950e+02
2.797480062203823081e+02
2.829971610345250497e+02
2.611125547280991555e+02
1.546330040497502978e+02
1.072536999915816068e+03
2.635115773653536962e+03
1.203465597579037421e+03
4.988266575229321461e+03
9.794950612028874275e+02
8.995503746925435280e+02
1.820124167337320614e+03
4.894061582409721268e+03
1.391875465571283894e+04
1.859893969950814494e+02
1.044418968040351103e+02
1.848510851599086209e+02
2.623692947073461212e+01
2.489251858312357513e+02
2.149178571441090639e+02
5.732944414780106399e+02
2.007548815499152397e+02
1.971907383342961111e+04
2.850053056538728197e+04
1.020005133879456935e+03
1.302664221820565217e+03
1.050712125501007449e+03
1.303020820780013310e+03
8.618956479619591846e+02
2.582535742465259318e+03
6.737461751278283373e+02
2.740511736962167106e+03
1.067181974805713907e+02
6.961324327707303894e+01
2.039804552101667241e+02
2.243314667870993162e+01
5.580169055799721036e+02
8.086897341120129568e+01
2.218606825389665005e+02
5.138523519243269675e+02
4.796840089048122309e+02
3.611462305230560332e+02
1.742637010150636797e+03
5.130370189439330630e+01
7.472450191410936782e+01
1.272226266742853568e+03
7.187954568390161967e+02
2.005725101857967729e+02
5.606051912116483891e+02
4.479484295746360090e+02
2.294924991539364214e+02
1.058494488854161773e+03
3.109426764611255862e+02
6.147116447746719814e+02
9.365171144610917509e+01
2.041643209024367479e+03
2.217545794242356578e+02
5.504952798897605817e+02
1.764145546262592688e+03
6.083954231521877887e+01
4.129608280188258504e+02
1.470968033037517671e+03
4.459514645741099230e+03
7.251592085836591650e+01
9.325130547161997185e+01
6.180180751265615413e+01
5.781003745027259129e+02
2.772737231802256019e+02
3.599439676559005648e+02
2.500236382968744238e+02
3.172259160542450900e+02
6.027090100519423004e+02
1.846282035924293154e+02
3.618826308372865697e+02
2.453161871702744179e+02
1.962543288681610534e+02
2.100569726125107763e+02
8.579924441801215096e+01
8.064529644272916187e+01
3.421912062522224005e+02
9.097189330670101981e+02
