1.051415313631937920e+02
5.513503865309134966e+01
3.040395218320774688e+02
4.361533437067063801e+02
3.242846548789578378e+02
3.709964854269454122e+02
1.620385689760245623e+04
1.921003583441900628e+04
2.143533981777565714e+04
1.317142477607322462e+03
1.256824828813941167e+03
1.988255124767315692e+03
2.431105475980121355e+03
1.721538973595260359e+03
2.130473224933433357e+03
1.993011733681124269e+03
2.395173617106667734e+03
1.076251271611331504e+02
1.163731936181671500e+02
1.476446184179230556e+02
1.734254104261575549e+02
1.380359569873124883e+02
1.512137587908226521e+02
1.329750146132209466e+03
4.963341549989017949e+02
9.442732198059529765e+02
9.870062340795884666e+02
9.434027520039904857e+01
8.349551950285422208e+01
1.095885155424657341e+03
5.180632584219769114e+02
2.752246854794004207e+02
2.706854049903051873e+02
3.760833015122231586e+02
3.524982565758367059e+02
4.358381530478270633e+02
4.669946388408517919e+02
2.588054151852206815e+02
3.429536324343542333e+02
8.299562493982107299e+02
8.193893698342582184e+02
8.964491271220248336e+02
7.118123674747554332e+02
1.765892217553868932e+03
1.421349501822841717e+02
1.370473004343537298e+02
2.928102405388343414e+03
4.311691244908656699e+03
8.344393437810548164e+01
1.024779448484075033e+02
1.806501473600746124e+02
2.999269815313622871e+02
3.449635479131123361e+02
4.426040974559828669e+02
3.207243076689315444e+02
2.169930890568639086e+02
3.973027652106928258e+02
3.099709204351763105e+02
3.187646706805821282e+02
3.396762291399867308e+02
2.132448345643239520e+02
2.183248607667063368e+02
1.231713447430491755e+02
1.377134601635253262e+02
5.847446822136002993e+02
6.561244336028930775e+02
0.000000000000000000e+00
0.000000000000000000e+00
0.000000000000000000e+00
0.000000000000000000e+00
0.000000000000000000e+00
0.000000000000000000e+00
0.000000000000000000e+00
0.000000000000000000e+00
0.000000000000000000e+00
0.000000000000000000e+00
0.000000000000000000e+00
0.000000000000000000e+00
0.000000000000000000e+00
0.000000000000000000e+00
0.000000000000000000e+00
0.000000000000000000e+00
0.000000000000000000e+00
0.000000000000000000e+00
0.000000000000000000e+00
0.000000000000000000e+00
0.000000000000000000e+00
0.000000000000000000e+00
0.000000000000000000e+00
0.000000000000000000e+00
0.000000000000000000e+00
0.000000000000000000e+00
0.000000000000000000e+00
0.000000000000000000e+00
0.000000000000000000e+00
0.000000000000000000e+00
0.000000000000000000e+00
0.000000000000000000e+00
0.000000000000000000e+00
0.000000000000000000e+00
0.000000000000000000e+00
0.000000000000000000e+00
0.000000000000000000e+00
0.000000000000000000e+00
0.000000000000000000e+00
0.000000000000000000e+00
0.000000000000000000e+00
0.000000000000000000e+00
0.000000000000000000e+00
0.000000000000000000e+00
0.000000000000000000e+00
0.000000000000000000e+00
0.000000000000000000e+00
0.000000000000000000e+00
0.000000000000000000e+00
0.000000000000000000e+00
0.000000000000000000e+00
0.000000000000000000e+00
0.000000000000000000e+00
0.000000000000000000e+00
0.000000000000000000e+00
0.000000000000000000e+00
0.000000000000000000e+00
0.000000000000000000e+00
0.000000000000000000e+00
0.000000000000000000e+00
0.000000000000000000e+00
0.000000000000000000e+00
0.000000000000000000e+00
0.000000000000000000e+00
0.000000000000000000e+00
0.000000000000000000e+00
0.000000000000000000e+00
0.000000000000000000e+00
0.000000000000000000e+00
0.000000000000000000e+00
0.000000000000000000e+00
0.000000000000000000e+00
0.000000000000000000e+00
0.000000000000000000e+00
0.000000000000000000e+00
0.000000000000000000e+00
0.000000000000000000e+00
0.000000000000000000e+00
0.000000000000000000e+00
0.000000000000000000e+00
0.000000000000000000e+00
0.000000000000000000e+00
0.000000000000000000e+00
0.000000000000000000e+00
0.000000000000000000e+00
0.000000000000000000e+00
0.000000000000000000e+00
0.000000000000000000e+00
0.000000000000000000e+00
0.000000000000000000e+00
0.000000000000000000e+00
0.000000000000000000e+00
0.000000000000000000e+00
0.000000000000000000e+00
0.000000000000000000e+00
0.000000000000000000e+00
0.000000000000000000e+00
0.000000000000000000e+00
0.000000000000000000e+00
0.000000000000000000e+00
0.000000000000000000e+00
0.000000000000000000e+00
0.000000000000000000e+00
0.000000000000000000e+00
0.000000000000000000e+00
0.000000000000000000e+00
0.000000000000000000e+00
0.000000000000000000e+00
0.000000000000000000e+00
0.000000000000000000e+00
0.000000000000000000e+00
0.000000000000000000e+00
0.000000000000000000e+00
0.000000000000000000e+00
0.000000000000000000e+00
0.000000000000000000e+00
0.000000000000000000e+00
0.000000000000000000e+00
0.000000000000000000e+00
0.000000000000000000e+00
0.000000000000000000e+00
