3.433327372748314588e+02
2.965915722448301040e+02
3.729447283474857500e+02
3.802844284486959623e+02
3.125231439087993408e+02
2.806304307162935743e+02
1.717954831057804768e+03
1.852111845878438317e+03
2.014402087942847857e+03
5.243604172751744272e+02
3.115385000798481201e+02
2.925548384156008979e+03
3.890882509139154990e+03
2.298614801348847323e+03
3.268379763241141063e+03
2.419876489076229973e+03
2.783030341751473770e+03
9.951935047141951145e+02
1.676154937243591121e+03
4.407666233955465032e+03
4.562150493958308289e+03
2.312731919060373457e+03
4.300224770695193911e+03
1.498225607453736529e+03
4.160622055381119026e+03
5.122122308920053229e+02
3.889533068428768274e+02
1.088822990327641719e+03
2.214266041975367898e+03
1.317544469593426356e+03
2.051806412489168451e+03
2.192111052609704984e+03
2.484758671661468270e+03
1.657192405770030064e+03
2.059171708969600331e+03
nan
nan
2.310142937002098051e+02
7.103291242906907428e+02
5.251888785490331202e+02
5.280811920540035089e+02
5.475511356083350165e+02
4.349677717613877576e+03
5.832554810635946524e+03
9.595627388741322648e+02
1.399968426230302384e+03
6.398529937992075247e+03
7.228567349742250371e+03
2.547286026727182161e+03
2.346865905415919315e+03
7.252683041332655876e+02
7.819514275894492812e+02
6.316466868632068099e+01
4.605006624800551407e+01
8.916474009765664732e+01
1.506040443828071318e+02
4.377691006166120928e+02
4.679551317327318429e+02
1.061800249413342499e+03
9.715906892451158683e+02
2.263882264288867646e+03
6.355138597956387230e+02
9.313298352306384231e+02
1.069250621156290663e+03
7.701715678867143424e+02
8.623045480107062986e+02
1.420381535701612847e+02
1.431747055691971582e+02
2.431378415045086783e+01
3.334110753012759432e+01
5.583266525098147071e+01
7.024984950599569800e+01
1.501519667700077889e+03
1.013706129052409892e+03
1.111387540660025707e+03
1.252657535853917580e+03
7.082648817592365731e+02
1.087037041637506491e+03
7.036015721476777571e+02
7.337752772428617618e+02
3.961700486841928637e+02
4.563826436884917825e+02
1.869926023294927973e+02
2.482877063426975326e+02
5.471004095501142501e+02
5.117246599114532728e+02
4.842793490794868376e+03
6.715926606316395919e+03
2.148675131364513618e+03
2.393219846385214169e+03
5.025358883479052565e+03
5.525323333194883162e+03
1.461797595360048263e+03
3.152004134177768719e+03
2.449097567030792106e+03
2.037819607273690053e+03
4.144775527744276587e+03
6.015289206582866427e+03
3.194115717664965359e+03
2.412572695182257576e+03
2.601544820113872447e+03
2.871601938855913886e+03
3.604068681282669786e+02
2.605080978689470044e+02
2.741392600669819785e+03
3.569827128442900630e+03
2.295604667630798019e+02
2.124007103808545196e+02
2.095824174576813164e+02
2.184484674227212224e+02
2.334471844917816270e+02
4.588942658063007002e+03
7.030126437942497432e+03
4.634916381169420674e+03
4.570154674498909117e+03
7.430774556583422736e+02
4.796155825318415395e+02
1.509921806493661825e+04
1.801271927552991110e+04
2.005095475248635921e+04
1.396944808979450556e+02
1.636198504509460179e+02
5.513503865309134966e+01
6.565121269634703083e+01
4.361533437067063801e+02
6.553438002365286366e+02
4.530436110704671933e+02
7.222709821969289123e+02
2.143533981777565714e+04
2.141108131140415935e+04
1.241051961035138220e+03
1.525338914311945700e+03
2.431105475980121355e+03
2.553460801915414777e+03
2.130473224933433357e+03
2.118688429696814183e+03
2.395173617106667734e+03
2.375061595674137152e+03
1.163731936181671500e+02
1.185356950991821776e+02
1.734254104261575549e+02
2.122157476401978613e+02
2.560979852177677003e+02
1.512137587908226521e+02
1.556895619403072146e+02
5.095447417927484821e+02
5.065592536566863942e+02
9.870062340795884666e+02
1.057450791970765977e+03
8.349551950285422208e+01
1.433770889525477230e+02
5.180632584219769114e+02
4.467629277571161879e+02
2.706854049903051873e+02
3.613298447743430302e+02
3.524982565758367059e+02
3.445599173503302382e+02
4.669946388408517919e+02
4.257096382528210938e+02
3.576888182317286464e+02
2.117403314145691411e+02
8.964491271220248336e+02
7.194967141777800634e+02
1.970958381369237031e+03
2.575690925909604175e+03
1.370473004343537298e+02
2.146281463542088659e+02
4.311691244908656699e+03
4.714412112834240361e+03
1.024779448484075033e+02
1.554724695740852951e+02
2.999269815313622871e+02
3.808763285669410266e+02
4.426040974559828669e+02
6.273950681137997663e+02
2.169930890568639086e+02
2.072505517561418458e+02
2.245531841803513942e+02
1.486295444376066541e+02
3.396762291399867308e+02
3.136069271252605972e+02
2.183248607667063368e+02
3.640350819855175359e+02
1.377134601635253262e+02
3.960865845198312059e+02
6.561244336028930775e+02
9.107159464570291902e+02
