0.000000000000000000e+00
1.715212397083364237e+01
3.268482212107325324e+01
2.303450482736333349e+00
0.000000000000000000e+00
1.206761315432847148e+01
2.385728592597917697e+00
1.140933140812403401e+01
3.508092604189997132e+01
2.171613333814872959e+01
4.125134157561769825e+02
2.401865253926900934e+01
4.783422131872355010e+01
2.132572725616473974e+01
6.063267480305120216e+01
2.949791615242437004e+01
3.367303909780529381e+01
1.896485608207733620e+01
2.034234738456902392e+01
1.420589156370099104e+01
2.894853852242755465e+01
1.479927344029624159e+01
2.328036187030320114e+00
2.681739477675651795e+00
2.318960347970333302e+01
1.209659302321067642e+01
1.629837932090974917e+01
1.634136751416530231e+01
0.000000000000000000e+00
0.000000000000000000e+00
0.000000000000000000e+00
1.325464987686380702e+01
1.751146485680640552e+01
1.073184192673997330e+02
8.230228993483012800e+01
1.366318785467978003e+01
0.000000000000000000e+00
0.000000000000000000e+00
0.000000000000000000e+00
1.507762386527726406e+01
3.302122094404654540e+00
0.000000000000000000e+00
0.000000000000000000e+00
2.375810311357052562e+00
1.612192520399892359e+01
1.485270075095474773e+01
1.712213232176745592e+01
0.000000000000000000e+00
2.379582166524421005e+00
2.308153860744528885e+00
3.351191047469642825e+01
5.501313977129412791e+01
2.263236977808736938e+01
1.331549335446049653e+01
3.382195118829613989e+01
4.493786093864974873e+01
6.966479857715461321e+01
1.489932223626049890e+01
2.851574570102149409e+01
5.300544134567422816e+01
3.686097983410529366e+01
5.948321018108075009e+00
6.688581163670037633e+00
3.685145635306510314e+01
2.309596908809829596e+00
0.000000000000000000e+00
3.012437961845468859e+00
2.939566608000275139e+00
3.001730582945483050e+01
0.000000000000000000e+00
2.375344549936639016e+00
0.000000000000000000e+00
4.047578016433720904e+01
2.396644876422069501e+02
0.000000000000000000e+00
2.450380600677772236e+01
0.000000000000000000e+00
0.000000000000000000e+00
1.413919309787023515e+01
2.880115865712509304e+01
3.566670847901610841e+01
5.123915903608279621e+01
1.573544464275306325e+02
6.773312929842235519e+01
3.476373459320519288e+01
1.185875262887191539e+01
2.348850036156937993e+00
1.244857362537541157e+01
2.889554663803670920e+01
1.008432726965915904e+01
5.036280129702600306e+01
4.073283693657037219e+01
7.965044858860008503e+01
2.285083054540753622e+01
2.572788770357443155e+01
1.412413436502215092e+01
1.421288936519300528e+01
2.656707300670236691e+02
3.056489772614558120e+01
4.664063239936444916e+01
3.155018021627383362e+01
1.168972691048630850e+02
7.319507448871456745e+01
2.820969114277183110e+01
6.413466699428821016e+01
5.079110680357634919e+02
1.593749861634827084e+03
1.979456878249559168e+03
1.723637372790686413e+03
1.473229504554502228e+03
7.920673376744874759e+02
4.045530620544712974e+02
2.050583550497078136e+02
2.142577171755546885e+02
1.388548418006835163e+02
7.980954992744271692e+01
2.955795337939452594e+01
2.195993391496161351e+01
5.103196522806171487e+01
4.709430361427290990e+01
3.659520150318152787e+01
1.379288749898611677e+01
6.579233382494869886e+01
4.816346993137804589e+01
2.836972903951729741e+00
2.363548892169547244e+01
3.079545375669058416e+01
3.578986018503538702e+01
4.414514111314212386e+01
7.632752149562125510e+01
1.274071945137454520e+02
7.190560659320829018e+01
2.294929485756708409e+00
2.226341512303357639e+00
1.994993294071624490e+01
1.721696073111067449e+01
3.211140474773067410e+01
4.478310604853933796e+01
3.294432969277925949e+00
1.399438445184465962e+01
5.071367142987055132e+01
1.430249297566092537e+01
0.000000000000000000e+00
0.000000000000000000e+00
0.000000000000000000e+00
0.000000000000000000e+00
1.950899805081735749e+01
1.091107914639534826e+01
1.167768672713497224e+01
3.064709634832943408e+01
1.068261870605395103e+01
0.000000000000000000e+00
1.130168408867751424e+02
3.377479824042931682e+02
7.823540182967028613e+02
4.914513307236475157e+02
7.200759803629034650e+02
1.362161807308961215e+03
1.076997952615613258e+03
9.868518313831045816e+02
5.806705268825045323e+02
2.545757348233121888e+02
1.405284112335144187e+02
1.215796942319680625e+02
8.874875411601301778e+01
7.106323876343326162e+01
4.668843316561924439e+01
1.756927967002977908e+01
1.552148574345504883e+01
5.030488422471879062e+01
8.173077044028945082e+00
4.547046896345771216e+01
1.337569207776178359e+01
2.224207159978717812e+02
2.245963274297629297e+01
1.345140238725253994e+02
2.232022176956440784e+00
5.877193295075431934e+01
1.452180415312945172e+02
1.544172153733845789e+02
2.005910082926056361e+02
2.649639274230888191e+02
3.577063888196747712e+02
6.158578163691063310e+02
1.357968781303041226e+02
2.082750682338583488e+02
2.823123243822061568e+02
3.907568519341618298e+02
6.057614232801910248e+02
2.121820878848583618e+02
1.721374482689844285e+02
1.376043700135175243e+02
1.744597431389055942e+02
1.910754482736680870e+02
9.655811604473875320e+01
1.020839859425917098e+02
2.034767425202516051e+02
1.463834901470087857e+02
1.711412208059678051e+02
1.897194518393218061e+02
1.156894412775357210e+02
4.586100753468438143e+02
1.031290174165430017e+03
1.415886302968132668e+03
9.771505380927450233e+02
9.565036620408616272e+02
9.429792703381162937e+02
6.135421980341905055e+02
6.731705504065138257e+02
4.275965871951391364e+02
3.515476732791898371e+02
2.802020238915966956e+02
5.612450773696946271e+01
6.947625307554214658e+01
1.005300228815050474e+02
2.084709652769254831e+02
4.084957098764030547e+02
2.313458245352413201e+02
1.088335739085493969e+02
3.005824627625697190e+02
3.000402687537804240e+02
4.650282308934542925e+02
2.315004516080456938e+02
1.992114568093758749e+02
2.882683420477384288e+02
7.607842586216152370e+01
1.340924199614365762e+02
2.780639407903072993e+02
9.939731327555226414e+01
1.919677784343587632e+02
3.062846337630460880e+02
1.731817575352378356e+02
1.150381713626897664e+02
1.456172879573933301e+02
1.188065508355859265e+03
8.119722213626128848e+01
5.759224516390807480e+01
1.345172433276694335e+02
3.821797163419605567e+02
4.196838393618920691e+02
6.243754974263293889e+02
3.486468145767785245e+02
3.386807542935432025e+02
5.223908444848734689e+02
4.257295353351186122e+02
5.908361477469280771e+02
5.873464679719887727e+02
5.336348114827278550e+02
3.362769295791366631e+02
6.924954051666674104e+02
7.540408693617647486e+02
4.187140109453958416e+02
nan
6.479543344408131134e+02
4.587047325369758823e+02
2.982270465492258040e+02
3.038035375423555706e+02
3.791121165160769806e+02
4.325353348522285160e+02
2.830346628310128949e+02
2.244502393613825220e+01
2.127320426655558805e+01
0.000000000000000000e+00
1.943385658988506393e+01
0.000000000000000000e+00
1.263949601236249975e+01
2.046140582882179260e+00
2.039994156808682568e+00
1.489027303130881741e+01
1.733636896667250582e+01
2.853914897293195452e+01
5.109890948382964382e+01
1.060155726668114539e+03
7.451907914222980253e+03
1.508434677210322661e+03
1.905131037674746267e+03
1.334753594083632606e+03
5.596969706309354251e+02
7.960490384538198896e+02
6.814553198601140593e+02
3.013846853882153596e+02
1.840463410730258715e+02
1.206856730853348267e+02
9.264585482274725337e+01
1.623976153585214206e+02
9.813140724331827869e+01
1.010102807760554242e+02
1.040692447222658217e+02
4.632923554848147063e+01
3.493025209549062993e+01
3.063235399486517707e+01
4.504949015523076383e+01
4.949289573618932536e+01
1.430554438804354511e+01
1.917422533432469933e+01
1.013711523088240654e+02
2.343896543922412263e+02
2.478091690555157243e+02
5.340512442227961856e+02
3.074854093899060103e+02
6.962735089333277756e+02
8.011191674007560550e+02
8.888191894596068323e+02
7.353478612382205029e+02
5.227051717474874977e+02
1.662543466063860649e+02
1.322173579429465917e+02
5.142877678508832417e+01
7.883202385040384286e+01
3.715039371663503687e+01
1.309099734409001492e+01
3.773323371708197271e+01
5.253473104075892763e+01
3.788478473334629371e+01
5.340013908611930304e+01
1.084167574830620424e+02
2.428021545106205892e+01
9.620557178407016963e+00
1.301108158476175092e+01
4.480991658394592037e+01
8.606929178231425226e+01
1.998632537637145106e+02
1.927776632201254472e+02
3.547909200116416173e+02
4.817065934283443198e+02
4.708879618136772649e+01
2.723970263134784631e+01
1.172339619004398656e+02
2.325065311887360338e+02
2.108497817133321064e+02
1.480356897974336619e+02
1.504602458761862067e+02
6.031184969305036248e+01
2.358041870682826513e+01
4.894426634202199367e+00
0.000000000000000000e+00
0.000000000000000000e+00
0.000000000000000000e+00
1.233636992668568055e+01
1.222411578302797608e+01
1.935924911175592067e+00
1.023226083378902906e+01
2.281678937570552179e+01
1.485145684020864820e+01
5.129682879407400975e+01
3.796783847808919177e+02
1.275684873134756799e+03
2.954785977041552087e+03
6.570070135523989848e+03
3.889842472730219924e+03
1.463847926409313686e+03
4.699244402043196374e+02
3.259356691393134042e+02
1.329121106368074265e+02
9.403154480150853090e+01
1.321170977134553937e+02
1.308109278468442582e+01
5.010990864561174618e+01
1.572428744728795813e+01
1.877852651452518273e+01
0.000000000000000000e+00
0.000000000000000000e+00
0.000000000000000000e+00
0.000000000000000000e+00
1.311170754350124135e+01
1.080770599398086240e+01
1.989379700155407882e+00
6.163354636597660630e+01
1.241709028274690070e+02
1.299556829550110990e+02
6.135868590936940592e+01
1.105728609510443050e+02
1.879043828631057522e+02
4.324508137220641970e+02
4.500537704406470425e+02
4.658993905899005767e+02
3.733086851164690074e+02
2.067641183646706509e+02
1.729264612860633861e+02
1.742454387385766665e+02
9.498216418983105314e+01
8.198642024918054005e+01
4.489988882323311259e+01
2.195756706214202580e+01
5.357009269108338856e+00
1.320103114203553218e+01
2.661883655613669220e+01
4.526416884031222665e+00
3.206817891285629685e+01
1.672450515406396576e+01
4.190767225207887492e+01
1.018972476326982104e+02
1.407788212690296348e+02
1.083118460145684310e+02
2.095276117642274016e+02
1.054739841486317118e+03
1.434844648863965631e+03
7.904216581893781495e+02
6.446964870524732305e+02
1.608096953772554230e+02
1.776701808548589554e+02
5.579869493536054961e+02
4.041500813666650060e+02
1.882645770543298909e+02
1.698117125691266267e+02
2.943077897550408650e+01
1.757435567411052091e+01
2.962528852622850195e+01
1.915576823469387513e+00
3.614495874594545199e+01
2.050070852647179009e+01
0.000000000000000000e+00
4.054295831455047505e+01
0.000000000000000000e+00
2.375215940245259283e+00
5.130844550873950993e+01
2.726123781853165795e+01
1.810501059632675265e+02
6.577909075569624520e+02
2.386493360820491489e+03
2.912631744735617758e+03
4.203856478679566067e+02
6.173516044248873413e+02
2.730780103152210359e+02
3.929226811126651597e+01
3.076008921844692878e+01
1.883794825607430212e+01
1.365936981027768127e+01
1.898185941425991174e+01
3.050145914542785164e+01
nan
nan
nan
nan
nan
nan
nan
nan
nan
nan
nan
nan
nan
nan
nan
nan
nan
nan
nan
nan
nan
nan
nan
nan
2.601066635771971391e+00
3.212524246077639845e+01
1.301750895213503512e+01
0.000000000000000000e+00
1.463928846188147403e+01
0.000000000000000000e+00
5.098427096816312343e+01
0.000000000000000000e+00
2.232146322625881751e+01
6.039854703309328698e+01
3.044079484948749226e+01
8.324097160922914185e+00
3.259767540707105127e+01
4.670767538521755569e+01
1.516061688804381191e+01
1.298900331355277871e+01
2.807130884350659130e+02
2.276418384867090197e+02
3.327835902336076401e+01
0.000000000000000000e+00
3.738601651981092999e+01
1.225217224912876901e+01
0.000000000000000000e+00
1.022018756407523732e+01
1.035800210393713527e+01
1.500003960726082397e+01
0.000000000000000000e+00
0.000000000000000000e+00
0.000000000000000000e+00
0.000000000000000000e+00
0.000000000000000000e+00
0.000000000000000000e+00
0.000000000000000000e+00
0.000000000000000000e+00
1.283631129236641044e+01
1.657967903076733762e+01
5.688182676013204286e+01
1.359177520826507362e+02
6.669204237360657999e+02
4.476198535941649084e+02
4.866051253976445423e+01
4.719069294999317776e+01
3.862391953343198736e+01
1.668338195240277599e+01
1.270642050000005341e+01
9.380507813880224433e+01
8.135157165328270423e+01
4.622635261806497908e+01
4.126891373009697617e+01
1.060485510576282131e+01
1.939231004922547186e+00
4.300473266009593942e+01
4.510700859179871003e+01
0.000000000000000000e+00
4.325667314716277900e+01
1.519282642381859816e+01
6.979096609273160823e+01
2.566900967147796564e+03
3.667367456181909802e+03
2.776354801877600494e+03
8.831204341128050146e+02
8.872111360932841535e+02
1.033252931751905180e+03
1.360905467061544641e+03
1.186593107439212417e+03
1.128038524782939248e+03
8.290756103035520255e+02
5.992522723372876499e+02
7.853721210179725176e+02
7.603964440376385028e+02
4.856322698730146499e+02
2.984806245860529543e+02
1.060878457329784652e+02
2.081655419935255225e+02
1.729497705828449057e+02
7.475580940046073408e+01
6.372633712261342964e+01
3.297054823548820934e+01
8.233126489870306841e+01
1.526929839949791017e+02
1.996840369055747431e+02
1.042848344302709904e+02
2.678733685764001962e+02
3.031493802068372361e+02
1.291238603488229046e+03
2.597588323938498888e+03
2.678874839512183826e+03
1.020878925671881916e+03
5.599161456109294477e+02
7.212235645682953873e+02
1.989307122150856912e+02
8.042869287334124806e+01
8.461112635653857694e+01
6.107384267995973204e+01
4.981679941734334989e+02
8.527498185581285384e+01
8.057674839553277479e+01
7.898069478168244473e+01
2.078658997163832964e+02
6.748109311072781225e+01
3.861874750822665447e+01
1.911804968302018848e+00
7.562567192440362795e+00
4.314705281232546596e+00
1.945843192416457423e+00
2.925702675337673142e+01
1.555942463558596671e+02
1.074497818082300910e+04
1.232733668885462976e+04
1.222441520772881631e+04
7.469131777189189052e+03
2.994649796433128358e+03
1.238103192024531836e+03
5.889459615155319625e+02
3.464121313046326804e+02
1.867306940822371928e+02
8.827805845838450693e+01
8.882541447346870456e+00
1.168287579175227187e+01
1.302942794931639803e+01
2.039579578164079265e+01
4.173842186026728740e+01
1.958647569787924425e+00
0.000000000000000000e+00
0.000000000000000000e+00
9.779624126993523348e+00
0.000000000000000000e+00
2.677838603604964618e+01
1.928883833484958643e+01
4.028297945525171997e+01
1.410458888479454060e+02
1.771544857852662062e+03
2.644256255682719257e+03
1.159274245004358818e+03
1.304426541648498869e+03
1.312224824448390564e+03
8.841479059718429880e+02
1.522566043550777692e+02
7.386583340712159895e+01
1.294083404691630790e+02
7.116893577085797062e+01
3.973078373362986326e+01
4.314718759887185939e+01
2.319313432461063229e+01
5.240376254866193051e+01
5.379695039078458763e+01
2.761861552570552192e+01
3.996801883777378350e+01
1.633957321607662294e+01
7.864632736138405278e+01
5.586946412901217940e+01
5.050892290701010268e+01
1.796046653284863481e+01
1.659175260705420385e+01
3.241665126001514352e+01
5.009956809528857491e+01
1.461354488355734702e+02
1.421725906922725926e+02
1.423305257405202724e+02
1.143556383673626300e+02
7.322466978660703774e+01
4.878682977890691319e+01
3.193681068653617316e+01
1.123702221732013840e+01
4.530180530323497123e+01
5.896594333903481555e+01
1.513374216535578753e+01
3.570015531380844465e+01
1.290660693970446005e+01
0.000000000000000000e+00
3.196728157526846559e+01
0.000000000000000000e+00
0.000000000000000000e+00
3.899647512761015378e+01
0.000000000000000000e+00
0.000000000000000000e+00
3.463364156607987354e+01
2.740783692158525398e+01
1.260351184613404385e+01
1.960044854049165286e+00
1.360152449352642989e+01
2.734019194487935067e+01
1.367534045702360146e+01
2.840785347908734693e+01
2.264098705964400793e+01
3.498645509279159427e+01
1.024554520347121844e+01
1.374411217633375060e+01
2.692966813514802737e+01
1.019828124868978314e+01
3.586043144691510776e+01
1.028394694713973045e+01
0.000000000000000000e+00
2.800582848058956387e+01
1.509052153159085563e+01
0.000000000000000000e+00
1.043539531311647295e+01
1.277559150790204434e+01
0.000000000000000000e+00
1.399899527869851568e+01
1.771673484029223999e+01
2.761952296306548149e+01
1.395350509984912257e+01
2.721107951862960306e+01
0.000000000000000000e+00
0.000000000000000000e+00
0.000000000000000000e+00
4.067782254935978870e+01
2.077338474670075819e+00
6.476238390385302068e+01
4.208128985908954434e+01
2.001672552302401265e+00
1.393934220752523245e+01
1.031526070731026579e+01
2.592858582203956530e+01
0.000000000000000000e+00
4.221318954647686894e+01
1.491096940866671048e+02
4.498466128223859783e+01
2.262856220641482992e+02
3.455579222262298345e+02
3.361815046176082546e+02
4.873800267576276610e+02
4.229839547886040236e+02
2.101715597918731078e+02
3.404837845135916155e+02
1.348818410645324661e+02
6.005439699288588429e+01
2.794281973827303034e+01
5.865442331987543412e+01
7.489614954846916817e+01
8.373409926379386548e+01
6.189508939518334785e+01
6.033590258665337558e+01
7.036410224086753828e+01
7.770986840755265135e+00
1.359979906132629957e+01
1.958647569787924425e+00
2.009727787861612658e+00
2.316231291772473710e+01
0.000000000000000000e+00
2.675044180987917741e+01
2.808187531510525403e+01
1.555269644676263496e+01
2.500074180585407291e+01
7.371873533010921165e+01
5.542270575375687258e+01
7.195123398108634660e+01
1.081294796960852835e+02
9.421438627513475694e+01
1.184176564270421039e+01
1.113771438468800312e+02
1.810064796401746605e+02
2.893730903449366565e+02
9.575000413631408946e+01
6.784820002608830691e+01
1.913800010192452987e+02
1.708288497935669170e+02
3.093694398000486956e+01
4.975288583066520687e+01
7.674787509844705369e+01
8.090077092403326731e+01
2.641268537763841451e+01
3.542039995226547688e+01
4.462556274767570841e+01
4.978244417054487769e+01
2.040267992730429825e+01
5.211118286621447737e+01
5.531710656009840932e+01
2.629444425534500240e+01
6.104385346386938238e+01
4.105045011892888596e+01
5.710058223589005166e+01
5.630994784781542251e+01
6.331697218330079977e+02
1.124094311540630315e+03
1.115892040390354850e+03
6.504295447010553062e+02
4.252428737628692943e+02
4.189344601597294115e+01
4.739117650075709776e+01
3.025365977924022332e+01
1.506653996258879324e+01
1.223454368355449340e+01
1.924563581869425999e+00
1.314006757123365254e+01
2.266665660447534236e+01
3.106465284995747211e+01
1.681770703078856855e+01
1.579355563647984972e+01
4.954949372250297301e+01
4.107620401250056830e+01
5.879194524338316086e+01
3.975576319050721708e+01
4.805785553642473218e+01
1.934289455980390073e+02
1.411951075849200166e+01
7.715323397772793612e+01
1.312036578898209314e+02
1.369629482325368883e+02
1.145134108790208245e+02
3.094299497290413115e+02
1.881100707100036118e+02
2.079904449225552696e+02
1.876166690237478178e+02
2.996090898102345932e+02
5.419152738089842103e+01
2.314156139198501805e+01
4.750817938473208812e+01
4.452631015859778074e+01
2.676803373767330285e+01
1.008047546905711300e+01
3.714233790707655203e+01
1.932200524680433062e+01
0.000000000000000000e+00
1.253414895860440303e+01
8.573712672561893555e+01
1.313511554810767450e+02
1.716793697756605752e+01
1.034273856678068348e+01
2.017271498196349988e+00
3.900008518222375642e+01
2.166850453367097984e+01
3.399154204467291152e+01
6.545038360392935317e+01
6.118310431069903643e+02
1.322054141751496218e+03
4.209341379194606816e+02
1.612877150135575448e+02
8.917705202475899284e+01
5.241227466110627731e+00
1.017238425330335083e+01
0.000000000000000000e+00
0.000000000000000000e+00
1.951058095649127022e+00
0.000000000000000000e+00
1.236759121144966755e+01
0.000000000000000000e+00
0.000000000000000000e+00
0.000000000000000000e+00
0.000000000000000000e+00
1.691308431047158578e+01
0.000000000000000000e+00
1.234249966718544833e+01
1.692613145075716830e+01
3.707047196831435087e+01
2.298670361202931645e+01
2.005444407469770152e+00
1.936390672596005391e+00
1.969031612449203772e+00
0.000000000000000000e+00
0.000000000000000000e+00
1.935924911175592067e+00
1.235253380309446669e+01
1.885962495129118821e+01
0.000000000000000000e+00
0.000000000000000000e+00
1.233948816358803846e+01
0.000000000000000000e+00
0.000000000000000000e+00
0.000000000000000000e+00
0.000000000000000000e+00
1.055315285165833217e+01
0.000000000000000000e+00
0.000000000000000000e+00
1.326351854343820769e+01
0.000000000000000000e+00
9.429141542538690857e+00
1.326806061479015497e+01
0.000000000000000000e+00
1.327363998173763981e+01
0.000000000000000000e+00
1.692726359644574430e+01
1.934993388334764974e+00
1.693830977713911068e+01
1.005493127443837409e+01
1.936390672596005391e+00
0.000000000000000000e+00
1.236105477636160188e+01
0.000000000000000000e+00
1.692576215313740917e+01
1.232793562879758831e+01
0.000000000000000000e+00
0.000000000000000000e+00
0.000000000000000000e+00
0.000000000000000000e+00
1.325522876183927323e+01
2.554753846102339310e+01
1.995991887649318119e+00
1.228982310891363028e+01
1.325977083319122229e+01
1.687104462924018833e+01
1.683443556801893592e+01
0.000000000000000000e+00
0.000000000000000000e+00
1.323952795659235804e+01
1.324006463486040452e+01
0.000000000000000000e+00
1.681308482945100735e+01
3.727246774424012443e+01
1.925540868514313164e+00
1.931482621512974163e+01
0.000000000000000000e+00
0.000000000000000000e+00
2.679577267347086433e+01
9.588648839599580143e+00
1.322790576735406454e+01
1.322994429760458068e+01
1.225669747344367089e+01
1.469340000506956123e+01
0.000000000000000000e+00
9.976062584379953080e+00
1.319664534125755218e+01
1.017249677183700918e+01
3.318591464215255371e+01
0.000000000000000000e+00
1.572079253847493341e+01
2.753738015061149724e+01
8.239783517629138032e+01
1.863644006223285601e+02
1.519965246050228380e+01
5.779705915046748999e+01
2.612254114818207427e+02
2.555925124751809392e+02
2.303861863439355488e+02
2.643913065185240612e+02
2.495468663934264555e+02
3.197316765051907055e+02
1.114029224736144954e+02
2.670483627872205261e+02
1.435804420623190367e+02
8.629913901831915268e+01
1.095656310636600210e+02
2.422997123902209893e+01
2.849799233328814019e+00
2.549445720755981171e+01
3.221273035390824901e+01
1.645540932598786412e+02
5.069346943668097083e+01
2.189489180520152729e+02
8.213696419938241888e+01
3.594102337669065150e+02
1.143113871076103578e+02
1.715119714212883082e+02
3.564543143970080337e+02
5.283551349318565826e+02
1.190782490996802778e+02
2.252001430606337635e+02
7.340732084586165911e+02
4.279856044335716092e+02
1.125669807395445048e+02
4.328718456014841109e+01
7.540028648892482011e+01
2.303077964399847133e+01
1.127887439757641275e+01
5.766671856275671360e+01
3.281930078191047073e+01
2.611221868270731505e+01
1.827734475629062061e+01
1.116956000523651582e+01
2.602334224951452057e+01
3.232178814364421271e+01
6.584894417356065333e+01
3.243096736344516984e+01
4.513413203511730387e+01
7.755659861913315467e+01
3.443158927520288159e+01
1.317786198485566729e+02
3.638197190699027033e+02
2.346717018720584349e+02
3.700599755665492694e+02
6.520108793478186726e+02
6.373388598617167418e+02
2.647355855361400359e+02
4.405033879483392667e+01
1.164449861782770199e+02
2.101775743182151359e+02
1.194772760584692151e+02
3.989919719132625175e+01
1.808699732108828329e+01
1.294045012856671661e+01
8.038661138588545896e+01
2.630877344471893409e+01
7.694062474693980747e+00
3.130429380537484718e+01
1.054266498824765108e+01
4.200433579663486228e+01
4.092770891262673416e+01
2.653495661620309320e+01
5.511105000845267909e+01
4.821334394130651191e+01
8.066041054474905536e+01
6.322399056499369152e+01
6.618306327529529653e+01
3.644133119292735756e+01
6.556075366219010903e+01
6.014579075134786024e+01
5.516803574531220988e+01
5.874590191519835258e+01
2.010841207807700926e+02
1.397561159783662958e+02
7.784317376061434857e+01
2.818958477107852545e+01
0.000000000000000000e+00
1.679983956818291091e+01
2.573528487700844636e+01
0.000000000000000000e+00
2.673677995831835119e+01
1.987470890669693624e+00
1.254015329838390969e+01
1.917485632955101993e+00
0.000000000000000000e+00
1.313416203527998505e+01
0.000000000000000000e+00
1.314074153583884197e+01
2.009361794663799472e+01
3.931421232029872215e+01
5.879298473402854341e+01
2.761281287579284438e+01
5.899950198218904518e+01
2.397062361912783501e+01
1.733672697574075983e+01
1.928846962261268283e+00
1.459948562826730445e+01
1.991754271061536130e+00
1.445563550996567059e+01
1.106187166221674545e+01
1.510824024981036651e+01
0.000000000000000000e+00
2.514941940108161589e+01
0.000000000000000000e+00
2.574496314527776519e+01
0.000000000000000000e+00
1.240313231845327913e+01
2.632841812783441426e+01
0.000000000000000000e+00
0.000000000000000000e+00
0.000000000000000000e+00
1.494367067006317740e+01
1.903283971322394130e+00
1.853943600763586375e+01
7.888800158995790923e+01
8.044482682100860416e+01
1.448274187620288700e+01
4.500965399918211318e+01
2.179372104458385095e+01
4.514336713241637256e+01
1.331041289969892638e+01
2.835888401280089788e+00
1.288995707842221528e+01
1.247088255817386582e+01
0.000000000000000000e+00
1.652705949131396324e+01
1.485282838797953886e+01
1.293518319279790774e+01
0.000000000000000000e+00
0.000000000000000000e+00
2.296570856617678658e+01
0.000000000000000000e+00
0.000000000000000000e+00
2.145600428154075701e+01
3.795801211068641123e+01
7.384787600511850769e+01
8.691697433774692172e+01
8.214529186426777585e+01
7.770931042647393383e+01
1.157541510037084862e+02
3.699264264480571995e+01
5.287070996707522852e+01
4.034118659675784357e+01
6.209203415678965143e+01
6.291066812708649536e+01
6.985723450797260625e+01
5.345141851206184924e+01
4.304017138423258615e+01
1.250055301758551352e+01
2.158393796493855632e+01
5.024655550954104655e+01
2.496749029046850055e+01
3.896919611528455363e+01
3.407746691684606049e+02
2.001236455783049735e+02
1.922337663675558872e+02
1.981651864677283186e+02
2.518559911750303115e+02
1.478410062440740447e+01
4.145221256155720368e+01
1.309710173513911116e+02
3.359424122451994776e+02
8.869658379367442649e+02
2.281509308211807365e+03
8.837979892186168627e+02
3.337371559144468165e+02
1.416077525834977848e+02
1.667999479989532290e+02
9.406368709675646755e+01
3.801610407571960337e+01
2.990256280120088306e+01
1.558251234076050906e+01
6.486469733238696733e+01
5.143989776576222539e+01
1.424176883486730816e+01
6.413881101699462306e+01
2.552078282400239040e+00
1.531483002311957264e+01
2.299928947367185827e+01
3.822667944457941758e+01
4.728659161908835173e+00
1.231785940691543502e+01
1.095015767260047141e+02
3.715947943956118138e+02
1.446156252229099891e+03
1.329807443371852969e+03
4.322447788953005556e+02
2.880515644699719360e+02
3.944728171716899965e+02
8.373509343825375595e+01
6.466668854169623160e+01
2.700220554694528019e+01
2.530648784406609764e+01
1.249485076244699542e+02
3.800428359047861449e+01
0.000000000000000000e+00
2.000275268041160626e+00
0.000000000000000000e+00
0.000000000000000000e+00
1.864068679020896369e+01
3.746425353025608729e+01
1.440790271865521959e+02
6.281067028953902565e+01
2.662625229883365137e+02
6.523786486528219086e+01
1.800171730827539420e+02
3.123847121072065420e+03
5.246014445398214775e+03
2.539410560489691761e+03
9.336167795592152743e+02
4.555755073022518786e+02
3.042015913968037694e+03
8.647957811432789867e+02
3.770061467900587218e+02
1.469440622915146264e+02
1.771599640433214518e+02
1.451467007432992773e+02
1.831400115981689964e+02
4.574191431754842796e+01
6.985619448500730755e+01
1.961953663534879766e+00
3.662981325880488725e+01
1.269164917487074540e+01
1.084073144256661791e+01
1.376881245614431570e+01
4.091101678832039568e+01
3.637710010193185894e+01
1.645214541259458940e+02
3.426109523507499262e+02
7.001007202671695495e+02
4.527413369103360878e+02
1.665863861987884604e+02
3.065323975879341134e+01
8.793477605674809183e+01
6.363427928573165104e+01
1.153469577852152241e+02
4.463140903954541159e+02
4.413023830911829464e+02
4.789490096088528048e+02
3.528047363051314278e+02
2.304536145658800024e+02
1.462580665361281831e+02
6.188750514382034851e+01
4.644321346062265832e+01
3.063631666046035207e+01
1.069173957681370801e+01
1.539044376703543371e+01
0.000000000000000000e+00
3.925679890360061108e+01
1.907512087557510654e+02
8.257001402736563023e+01
2.321359185176128221e+02
1.475682899921755222e+02
1.280196349700140388e+02
9.654889069757609832e+02
2.738792941058022734e+03
9.472943869931971221e+02
1.028327546576866325e+03
6.383244341902326369e+02
2.698879766462576981e+02
8.327413324762051161e+01
9.298335261602923651e+01
1.584323174537695067e+01
8.307751566450517089e+01
2.286265606842993492e+01
1.733175877841347656e+01
1.103348656089992907e+01
0.000000000000000000e+00
2.787169892107357683e+01
0.000000000000000000e+00
1.274996060353254812e+01
2.283565430502883942e+01
1.537303062244365321e+02
2.737672422358742210e+02
3.020305134304476837e+02
4.252771116587928191e+02
4.445739628767242948e+02
2.016568120731305100e+02
1.934703555714109768e+01
9.533461344437355933e+01
2.389654739318115517e+01
3.758681683256315864e+01
1.941973363260065071e+02
1.038135948992313843e+03
1.385216609449971884e+03
2.062727804881152224e+03
1.245476378259110334e+03
3.745345946348788857e+02
5.125947462025388859e+02
1.341294298321205645e+02
1.143039209421778963e+02
1.822414788120475180e+02
1.586943894271813633e+02
5.950845340507496530e+02
7.056814351557075042e+02
5.645399764085655079e+02
2.914644503659469592e+02
1.722915153855529695e+02
8.399404042526018088e+01
2.257517473435262048e+02
1.950233642684332267e+02
2.015932353710016400e+02
7.281943128173389823e+02
2.842771840211465133e+03
3.368309609865209495e+03
7.860048420257547832e+02
7.130827557230429647e+02
1.023354962392015523e+03
1.444853313723768451e+03
3.942951153133553248e+02
2.608001228060999779e+02
3.877939554213991187e+02
3.108652391872809631e+02
4.901555148161587567e+02
5.202972796513257663e+02
2.927408271781991402e+02
5.488178687961971036e+02
4.034463040089947299e+02
3.521256251039208109e+02
4.344168869733702820e+01
2.419093570172489365e+02
3.708592887339581239e+02
1.430465495367425603e+02
4.358268578478815130e+02
5.934408732206394461e+02
4.417354691914824230e+02
3.690834805180688249e+02
9.373580572282006642e+02
1.156608933282229827e+03
7.890103338245019131e+02
5.920399710454109936e+02
7.436099136770724272e+02
5.781855227837097573e+02
3.601015461101999335e+02
2.404712293810550250e+02
2.803744711640148353e+02
3.115031480854391930e+02
1.771176401420379136e+02
2.334710943428902397e+00
5.877800625504372078e+01
1.780397743444888192e+01
0.000000000000000000e+00
0.000000000000000000e+00
0.000000000000000000e+00
0.000000000000000000e+00
0.000000000000000000e+00
0.000000000000000000e+00
8.853017130965133674e+01
0.000000000000000000e+00
1.056863385237489439e+01
7.145516302887324400e+01
2.411606993442317446e+02
2.272143022243234043e+02
1.855741647719420939e+02
3.105072737106661975e+02
1.653885492791390561e+02
1.033117262535594705e+02
4.171476539191900201e+01
2.094933958282352648e+02
2.778731922997083359e+01
8.386119402497760689e+01
5.038815080169164418e+01
nan
nan
nan
nan
nan
nan
nan
nan
nan
nan
6.317064724651569918e+01
5.051599220506040666e+01
8.490941893062637291e+01
2.073296536365419058e+02
1.388539319400738634e+02
2.263182434006463382e+02
2.890856208753764349e+02
1.471015806709456228e+02
1.408048452286093664e+02
9.866205311044453197e+01
1.526621422910222918e+02
1.247373947710690061e+02
1.606240356833141618e+02
4.499274974057462373e+01
1.573850242563840673e+01
1.254569037811964094e+01
2.890783521162713754e+01
1.591046978607537810e+01
2.267281545764793549e+01
2.861358200530454354e+01
0.000000000000000000e+00
1.936455645204660314e+01
9.263904862374133131e+00
4.082829665809506281e+01
0.000000000000000000e+00
2.547794902008396534e+00
0.000000000000000000e+00
1.261096331652973745e+01
1.932801087537079709e+01
1.735036604837738849e+01
6.498481481134125204e+01
3.855596439842594236e+01
3.143431577723684711e+01
2.636700744269300856e+01
4.636346488786583109e+01
3.090393797633669237e+01
2.237695941236513022e+02
2.276939475550871066e+02
6.511985545029244804e+01
5.536541471342798104e+01
3.866595715250644361e+01
1.459322355207770627e+01
2.790668412826581246e+01
1.680027897897602998e+02
1.156727282986937269e+02
2.871348451655943634e+01
4.632526997608852071e+01
1.610967478314763213e+01
4.559903652754552894e+01
1.497404537504127653e+01
2.481918092849217494e+00
4.745524951827921711e+01
3.053716530338553525e+01
5.511641622632274817e+01
4.644847465225331007e+01
1.527077130547118422e+01
1.398411034073714632e+02
3.454733592260265596e+01
2.825047013358154402e+01
1.696964993466660943e+01
6.011183442332278304e+01
4.940215758399792634e+01
3.777671645697167691e+01
1.183271879666891735e+01
1.695769634416598137e+01
2.324455818155059461e+01
5.965747692111841616e+01
6.469321728994644616e+01
9.413431418316108079e+01
4.916452541943616694e+00
3.228961251047421399e+01
4.311972723273747476e+00
8.660091122249716022e+01
3.773001014285268866e+02
6.517588526747028936e+02
1.527630438930235869e+03
6.239451125963377081e+02
4.104420880194173833e+02
3.657012256765414122e+02
3.018428641774937660e+02
1.313596633821351531e+02
4.734819826563447265e+01
1.558042138559091256e+02
2.528242063222852209e+02
1.250820270765705686e+02
4.867402736990025147e+01
3.834578040445543223e+01
3.419267070721511459e+01
1.113914137940370885e+01
3.862515917714132030e+01
2.061505655719462027e+01
1.869711508628369101e+00
1.304400619159497055e+01
1.864496605395699724e+00
1.209808606679441390e+01
5.954863999747938408e+01
8.594987810202518119e+01
3.100223296469789034e+02
2.296204429506578606e+02
5.505334070025105575e+02
5.123587615675755842e+03
7.733124740849199952e+03
5.028234404945259485e+03
2.810787430263778788e+03
4.174036216968213012e+03
4.032102331471532125e+03
6.129153175489168461e+02
2.497825307259691954e+02
1.612858747635229122e+02
1.160507577297978372e+02
8.357950958398936336e+01
3.270548038295793702e+01
7.147623188305159658e+01
4.241102729905189506e+01
2.523637318710573840e+00
1.641925199432129290e+01
5.530474211578771104e+01
5.930679689306867886e+01
8.403808842415250524e+01
1.300785425450267780e+02
7.171786952872534471e+01
8.800940354280776035e+01
6.749305810990246357e+01
2.004138623057435211e+02
1.098923699935508154e+02
1.767696907529566488e+02
3.651958729423474779e+02
1.113709958119883225e+02
9.954954380991570417e+01
1.899152235382759670e+02
1.084920359858524641e+01
2.485596454867408411e+01
0.000000000000000000e+00
2.489232984163653573e+00
3.648150166614534129e+01
6.137697780778336210e+01
4.598230971439404868e+01
1.709353434566260432e+01
3.768581662045977332e+00
1.072745230249112147e+01
1.226610881813174281e+01
5.400197314204750398e+01
4.376208757377247593e+01
4.569921720068626314e+02
2.078502846135502750e+03
3.607034538254578365e+03
2.420257299238154701e+03
2.893055493261043921e+03
2.785302413460658499e+03
2.112493102338327844e+03
1.402935150416013130e+03
1.053874294304266641e+03
1.699892692120039328e+03
1.618911400927459226e+03
3.335266696715442322e+03
4.063374380748372459e+03
1.810614091179465731e+03
1.173752131157777285e+03
3.529059900862250174e+02
2.624630992010132786e+02
3.631102014413828982e+01
6.296322169992500051e+01
3.484673496026363182e+01
3.059440787129803851e+01
2.838700602088000480e+01
2.052193992856120985e+01
4.156346118239000020e+01
1.092455031334220550e+01
2.906434941596361909e+01
2.432575045599701369e+01
1.433452360265276226e+01
0.000000000000000000e+00
0.000000000000000000e+00
1.032155875590834526e+01
0.000000000000000000e+00
1.956272998881796399e+00
1.958647569787924425e+00
1.348552409748654313e+01
5.746682756775720691e+01
1.239902185025335157e+01
1.252861419088531747e+01
1.718485222459840145e+01
1.920448480596882845e+01
0.000000000000000000e+00
1.971406183355331354e+00
1.033810990895639570e+01
3.345002241682801269e+01
2.013247932091813652e+01
0.000000000000000000e+00
0.000000000000000000e+00
1.391055179625783289e+01
1.276201217895174267e+01
2.429356787979847354e+01
2.956263245072166512e+01
0.000000000000000000e+00
2.539182377420651004e+00
0.000000000000000000e+00
0.000000000000000000e+00
1.281118516600039214e+01
1.259457366964495506e+01
9.792109727765570426e+00
2.078315761314963428e+00
2.635379442710771514e+00
3.382955082640281574e+01
3.887071874282179351e+01
1.618239319254568542e+01
1.410370795307056113e+01
0.000000000000000000e+00
1.781173007641242378e+01
0.000000000000000000e+00
0.000000000000000000e+00
2.030075875567816990e+00
1.059465040694341020e+01
2.593736995597545913e+01
2.022881016897100181e+01
3.159213407453171740e+01
3.359504678473570749e+01
1.056319983937222773e+01
4.102562704152303041e+01
9.987592615928210904e+00
0.000000000000000000e+00
7.615419593278951993e+01
1.378831216147416967e+02
1.742915060790430459e+02
7.089243292859428891e+01
4.546402536840366082e+01
1.080164954771746295e+02
3.016591406579269119e+02
1.092444489795516915e+02
2.299630901971562480e+02
8.161226079225997410e+01
8.830964420624448508e+01
4.694370166768477404e+00
0.000000000000000000e+00
4.619652014001252027e+00
1.380075516079978648e+01
1.120324957478634786e+01
1.723464834490843955e+01
0.000000000000000000e+00
0.000000000000000000e+00
0.000000000000000000e+00
7.248467882085573422e+01
1.611969348721279403e+02
3.747150064875269777e+02
4.866083332202287011e+02
1.788851265281477652e+02
2.767793888952125485e+02
9.250967982108676324e+01
3.994610807325516930e+02
5.459355769408081187e+02
4.555497426765168711e+02
4.303365906184909591e+02
9.601205348924764849e+02
6.533415397767877266e+02
5.606086123118043361e+02
2.058968582521454778e+02
1.039738597684461894e+02
2.279300482607064566e+02
3.890142865581714204e+02
4.118430046987926971e+02
4.411486932011227964e+02
2.420993341554107303e+02
1.026443476441557721e+02
2.223781056791217736e+02
3.654080284675383155e+02
3.287354284886213804e+02
8.574180561858391911e+02
1.911411044545539198e+03
2.132788656643537706e+03
1.589947150624239157e+03
1.182444571229959820e+03
8.216755181362818803e+02
5.716786496629480325e+02
5.563315260162629556e+02
4.439637969327789051e+02
4.148145792119296402e+02
2.650930418889468569e+02
9.779357831610751361e+01
4.300860041264748190e+01
1.784285869227388588e+01
1.438984562513822318e+01
2.168586970460224848e+02
2.082027158689217003e+02
0.000000000000000000e+00
1.078352044366743634e+01
3.250042112625794744e+01
5.902336488397867242e+01
7.966545247067642777e+01
3.035353755300514536e+02
3.426640095831443205e+02
3.749610314283214620e+02
1.102746894419049113e+02
1.540575106787862865e+02
2.910116292034798562e+02
2.740222308606502679e+02
3.686218332348227591e+02
9.991160465143402689e+02
8.060621487624230213e+02
4.508581067648400449e+02
3.019147520032229295e+02
9.422490227888111747e+01
7.917838735347189072e+01
4.856396417620891803e+00
1.189731529614836347e+01
2.878840677736177156e+01
1.130776848486765118e+01
1.248143782855219897e+01
1.911339206881605302e+00
1.246337463793617495e+01
0.000000000000000000e+00
1.975643799943113565e+00
1.874926411861038922e+00
0.000000000000000000e+00
1.881538599354949159e+00
9.073917371274548316e+01
4.447782114227512125e+02
1.329212467927237412e+03
4.497378118292304862e+03
3.426140036545422845e+03
3.076022036255097646e+03
9.744480594534885540e+02
1.854572825585332225e+02
4.462128987949166685e+02
1.236390608557491362e+02
2.737565336125690507e+01
2.450636796833010500e+00
5.225894595308916024e+01
4.548947981654541906e+01
2.757298742357563892e+00
9.908135739493898697e+00
3.701860859060164444e+01
1.408430086065837550e+01
2.428471427249212500e+00
1.193239569190188121e+01
1.695156917374060299e+02
2.891673655275818078e+02
1.157765866647603019e+02
2.517177735098934761e+02
1.383429693276000023e+02
1.551176648665856419e+02
4.007100860220025993e+02
1.134374242780841087e+03
3.032762286214968981e+02
2.253009228428718416e+02
1.308746923420027315e+02
8.154367021256572912e+01
1.604048668182485358e+02
5.985341779722238442e+01
5.962763826813980472e+01
3.246672066472838480e+01
9.348709333056319792e+01
1.090489992887443726e+01
0.000000000000000000e+00
1.143989341878866561e+01
1.080745416776341372e+01
1.196916224250742289e+01
0.000000000000000000e+00
0.000000000000000000e+00
1.965030730276765780e+01
1.846796230500322906e+02
1.133061887106982084e+02
5.659034671360701196e+01
8.170892373894217542e+01
8.166556421185416070e+01
2.635866449956192241e+02
4.205395369048376324e+02
5.781149243026924296e+02
5.716773954702923675e+02
5.462627837314373664e+02
3.034134991904003300e+02
9.133629729089614102e+01
3.457005709523962764e+02
1.502019890236897481e+02
8.780526200456517927e+01
6.536561063041075670e+01
6.669640949315684963e+01
2.600642163461148115e+01
2.936889062786930182e+01
2.064541182781673356e+01
1.985142083567625892e+00
1.419873540331255413e+01
1.254171044988610362e+01
1.009283606209954876e+01
2.257662001046060851e+01
1.469065652358307261e+01
0.000000000000000000e+00
1.990776984416648521e+00
4.780679631798169282e+01
1.929405661762269375e+01
0.000000000000000000e+00
4.708608011328372811e+01
0.000000000000000000e+00
2.323723614190757658e+01
9.951057461749186928e+00
1.998366458555446146e+00
2.527600352473994505e+00
0.000000000000000000e+00
0.000000000000000000e+00
0.000000000000000000e+00
0.000000000000000000e+00
0.000000000000000000e+00
0.000000000000000000e+00
0.000000000000000000e+00
0.000000000000000000e+00
0.000000000000000000e+00
0.000000000000000000e+00
0.000000000000000000e+00
0.000000000000000000e+00
2.019646069102477792e+00
1.244132294657797999e+01
1.537713951105476440e+01
2.351244329545910361e+01
0.000000000000000000e+00
1.204489273122184834e+01
9.524808256838683462e+01
2.331889156069898306e+01
5.431296728215613001e+01
2.453260042234757066e+01
8.165947436411170202e+01
2.467901094053628412e+02
9.881297079585363008e+01
9.361204414067024970e+01
1.344518289772834123e+02
0.000000000000000000e+00
0.000000000000000000e+00
0.000000000000000000e+00
0.000000000000000000e+00
1.016215079848195302e+01
1.714292904937489936e+01
0.000000000000000000e+00
0.000000000000000000e+00
2.546833862123131009e+00
0.000000000000000000e+00
0.000000000000000000e+00
0.000000000000000000e+00
0.000000000000000000e+00
0.000000000000000000e+00
3.613377678669542803e+01
2.207024298595532841e+01
2.562180508203931240e+01
3.712455766204939067e+01
2.418723862788351653e+01
4.037174055892064928e+01
5.774547504632027284e+01
2.927449246030701779e+00
0.000000000000000000e+00
1.385081717678658464e+01
3.200566462437549120e+01
2.182905234442397813e+01
2.846100425048868132e+01
0.000000000000000000e+00
1.560247576940022185e+01
2.479720974779240095e+01
6.148249705045122937e+01
3.858504805420913897e+01
7.807262564117209536e+01
1.197906411551766865e+02
6.153325326935237882e+01
2.521978185375527346e+02
7.959301291829477520e+01
4.687178602841840558e+01
9.837250649058505303e+01
1.195102989766391488e+02
1.469287879186240673e+02
1.952850352840858363e+02
4.120961657001402045e+01
2.010077186585622755e+01
5.729288484121094882e+01
3.492488905355659057e+01
3.235374139220880352e+01
1.986539367828866309e+00
0.000000000000000000e+00
0.000000000000000000e+00
1.299826552053978190e+01
2.438325772784058643e+01
0.000000000000000000e+00
2.820195393064496159e+01
1.211660417530992007e+01
4.050598568605524008e+01
4.986530414707206660e+01
1.793120342054558236e+01
2.391391448316740878e+02
2.935943315010951551e+02
4.069065494362560571e+02
8.385711908403570760e+02
6.223084291178615786e+02
2.311635214219222121e+02
1.424071791984393940e+02
1.112982637202619429e+02
1.478320241240099051e+02
9.392843566829536428e+01
6.251772621289335063e+01
3.862174928504557414e+01
1.116944974673346991e+01
3.051161831003139469e+01
0.000000000000000000e+00
0.000000000000000000e+00
4.618141284562471327e+01
3.634322743733325467e+01
0.000000000000000000e+00
0.000000000000000000e+00
1.256274243030125959e+01
0.000000000000000000e+00
1.461381541146620755e+01
1.462729117248004584e+01
1.258331782478930272e+01
1.369725671502671105e+01
3.859252505514893272e+01
1.039008597596238559e+01
2.368114154348419476e+01
2.396591264227169304e+01
3.870320494570650283e+01
1.116263402655670234e+01
1.492791249388587715e+01
1.081301082283951587e+01
1.461208937862134505e+01
3.080484242498161152e+01
1.824034886592466975e+01
2.504083462433015939e+00
9.641694701909230503e+00
3.483068013008031016e+01
1.978018370849241592e+00
0.000000000000000000e+00
4.111846828486655880e+01
4.798577178058027926e+01
3.372043196407644672e+01
1.584190302778222481e+01
1.470962690369383097e+01
5.525987990588475895e+01
1.824826323966827317e+02
1.975883082561713877e+02
1.416162225750365451e+02
1.252981037759785465e+02
3.938717833463454667e+02
1.167553551955089119e+02
5.507541806001326279e+01
5.587216312104853699e+01
2.326961150465771766e+01
4.197176376032545164e+01
4.123712581855283332e+01
3.911469747769952932e+01
3.735082240290530109e+01
9.684849282914932189e+00
1.379288725666642534e+01
2.135692592251001187e+01
2.587704969371970254e+00
2.048515153788307064e+00
0.000000000000000000e+00
1.746070124442469762e+01
1.269177542553263294e+01
3.421123741689030595e+01
1.579976617130401806e+01
1.507750547819648901e+01
2.953114593454964520e+01
2.051355486114848858e+00
5.283474622235903695e+01
7.300056347307867100e+01
4.698277590296289219e+01
8.533034910836209974e+01
7.654370709880618051e+01
5.322565562738711265e+01
1.110252974952442528e+01
2.945240569117707352e+01
4.924093383663920065e+01
4.107057069436231700e+01
2.003267136031197282e+01
3.559320704833778848e+01
4.022254214169343811e+01
0.000000000000000000e+00
1.640878465941284858e+01
0.000000000000000000e+00
0.000000000000000000e+00
4.323706758783050930e+01
0.000000000000000000e+00
0.000000000000000000e+00
0.000000000000000000e+00
0.000000000000000000e+00
3.482204044473057536e+01
1.389506032899648424e+01
3.952388018883554821e+01
1.102164559841788645e+02
0.000000000000000000e+00
3.884423767070761357e+01
4.593911189450508203e+01
2.764880093116550697e+00
nan
nan
nan
nan
nan
nan
nan
nan
nan
nan
nan
nan
nan
nan
nan
9.573278017094342118e+00
4.336677738473510146e+01
3.584698209831462634e+01
1.974246515681872927e+00
2.136797760133858759e+01
2.565595503913671394e+01
1.491980962424211654e+01
3.504750184622648135e+01
5.531882317546678962e+01
3.817377943769974991e+01
6.617487069255214749e+01
7.023483849772606646e+00
4.172012717674945748e+01
1.443254480603849998e+01
0.000000000000000000e+00
1.267331913473785754e+01
1.727840075709390533e+01
1.740793073640242028e+01
3.556901460131036430e+01
1.740092318241367053e+01
0.000000000000000000e+00
0.000000000000000000e+00
1.738137056049522755e+01
2.703787547338680142e+01
1.575042299559776993e+01
1.972337706196158447e+00
1.939970532960211003e+01
1.529405730169948185e+01
4.430532071356562795e+01
2.548567739772415131e+00
2.254150291290897812e+01
1.931221533167396309e+00
1.195154058411046805e+01
2.427940755214225632e+01
3.089881999571923998e+01
1.653228464897614813e+01
1.257931806507662564e+01
3.108863716400448141e+01
0.000000000000000000e+00
1.021914849385958846e+01
9.597827219673984445e+00
1.358156183528526029e+01
1.010031443090139902e+01
0.000000000000000000e+00
1.283977480320969633e+01
1.016728186860433958e+01
0.000000000000000000e+00
1.355828029482450603e+01
4.191248542453399040e+01
3.523261408254334270e+01
3.992440783068808230e+01
2.918166009025882346e+01
2.004715774000252537e+01
2.993485518765623965e+01
8.297378537895764339e+01
1.537994468797193726e+01
3.668992926646230757e+01
4.755166408298700276e+01
2.050846407145699501e+01
1.015495572898617205e+01
4.074279120864986936e+01
2.883685769658121600e+01
1.443247533611897282e+01
9.530681769829072891e+00
2.365415647518858933e+01
2.102048529286270195e+01
3.690445474087394473e+01
1.907832864821293484e+01
1.242020455621795350e+01
0.000000000000000000e+00
4.073510353247673521e+01
1.469069398529516590e+01
2.934656162874651031e+01
1.313861590848097194e+01
1.086784100558499375e+02
3.731369641837308677e+02
2.718822576101644017e+02
3.989047504292775557e+02
4.599100788199878593e+02
4.534980688550008949e+02
3.207596839108455242e+02
1.257253631523310275e+02
4.672276803612113838e+01
2.141342096242770054e+01
7.464490715673156274e+01
7.952563617235388449e+01
5.321622321563669544e+01
3.631572348034243447e+01
1.951058095649127022e+00
2.023417924269846679e+00
0.000000000000000000e+00
2.894323776916683499e+01
2.632692119113546525e+01
2.686440587040432249e+01
2.933464269706984595e+01
2.828796247617156823e+01
2.456272965848040712e+01
1.294042152973044857e+01
3.212410877415578625e+01
0.000000000000000000e+00
5.312436580946960873e+01
2.595141838209414686e+02
3.026292004243341083e+01
1.499651867305278863e+01
2.507533921480554540e+01
2.493861747369516380e+01
1.811327010369251411e+01
2.670895806554279872e+01
1.012048087075369018e+01
1.252013840848967341e+01
3.201244899829325874e+01
0.000000000000000000e+00
0.000000000000000000e+00
2.025326733755560937e+00
0.000000000000000000e+00
0.000000000000000000e+00
2.748756307519482789e+01
2.501855088150075801e+01
1.361418481705553063e+01
4.053080063394753552e+01
3.819404918929970449e+01
6.528252236962916299e+01
6.045107467529292933e+01
1.952085374083443128e+02
2.473204237493640676e+02
2.659063828676537469e+02
6.436369401716999619e+02
2.955514818768335772e+02
2.940050602807768882e+02
1.821813331429257232e+02
1.508863305245838262e+02
9.859548610835358318e+01
1.258938358521618106e+01
1.837273391635118713e+01
5.926302948076532573e+01
2.121132561974615527e+01
2.416181469612800115e+01
2.591522588343399214e+00
1.378784385117467082e+01
2.704456781501929186e+01
2.681273935649831941e+01
2.707773134054545849e+01
1.587239197557376613e+01
0.000000000000000000e+00
0.000000000000000000e+00
0.000000000000000000e+00
2.723404493931700188e+01
2.992353186144564603e+01
3.002861390235489836e+01
3.910776713666297155e+01
2.901381091226624775e+01
2.684859726425700899e+01
3.012703763885922115e+01
nan
2.288947515344271011e+01
4.869096937661905145e+01
2.761107151743297550e+01
0.000000000000000000e+00
1.398861790518539827e+01
1.067867557873342932e+01
0.000000000000000000e+00
1.799567831504441884e+01
3.082626437926402829e+01
0.000000000000000000e+00
1.800322077523513897e+01
1.436710460936756384e+01
1.854828306698265550e+01
2.281313586162241336e+01
2.493008493067026521e+01
1.828207461576144510e+01
0.000000000000000000e+00
4.378726277212079765e+01
1.440301112922917781e+01
3.481986403494391880e+01
1.074463138145229557e+01
1.829669338015258404e+02
5.963527723319519680e+01
8.462716856659663733e+01
2.493775166908175933e+01
0.000000000000000000e+00
2.926204803613431338e+01
1.613548713645051436e+01
0.000000000000000000e+00
1.442121437453391941e+01
9.978473230422503448e+00
0.000000000000000000e+00
2.788361599019973625e+01
1.997434935714619275e+00
0.000000000000000000e+00
4.730380985899299162e+01
9.630775102126644072e+01
1.144751391094039406e+02
1.310648949942776653e+02
1.379022596874713997e+02
8.868125401608480729e+01
8.286663403057453081e+01
6.719834831558863186e+01
6.402714957395581052e+01
5.901911647043718290e+01
3.825384667640667402e+01
3.484226598101758299e+01
5.296661411542095976e+01
6.523778563924051355e+01
2.097686562376280595e+00
4.699379749372344861e+01
3.670687424606232696e+01
1.302437635665100224e+01
1.635473558118407311e+01
2.957886662544789758e+01
2.251210455658906895e+01
2.581047072258085961e+01
1.774457417473273679e+01
0.000000000000000000e+00
1.064452695817690930e+01
1.288340463174613504e+01
1.776913229000410865e+01
6.187577560522855435e+01
7.627213845967074235e+01
9.638683161933980159e+01
2.571455470239704155e+01
2.084927948808873666e+00
6.885391457333254550e+01
5.032058490090447833e+01
1.515285721469981262e+01
3.403194795122082894e+01
1.498105061613773437e+01
3.296834749798341591e+01
1.428817643458553555e+01
1.622130330336963056e+01
2.628721491412800759e+00
1.493633860030240079e+01
6.034911655052650303e+01
0.000000000000000000e+00
3.574685214007661216e+01
1.994128841967663934e+00
1.999297981396273238e+00
1.062771663656627119e+01
1.031899109691315886e+01
2.807924786596369771e+01
1.668401870557927325e+01
1.838460063740966177e+01
1.689058549686909316e+01
3.521030500301694133e+01
2.816643086525477457e+01
1.583051685474597292e+01
5.298028577524301141e+01
1.919394442440816695e+00
1.032842324873137230e+01
1.281968031034981514e+01
1.151513715349866551e+01
1.734547987530831392e+01
3.308892290739125031e+01
1.658465330931850090e+01
2.983711873817815885e+00
1.466940935018778802e+01
0.000000000000000000e+00
0.000000000000000000e+00
1.952035382294014410e+00
0.000000000000000000e+00
9.751190250719885100e+00
2.062205290196541085e+00
0.000000000000000000e+00
0.000000000000000000e+00
1.392960383872035379e+01
0.000000000000000000e+00
3.223018675151412538e+01
2.020111830522891339e+00
2.326612944940779215e+01
3.109829281139391455e+01
1.561343559492276256e+01
6.063371789217172392e+01
5.017762477165181423e+01
7.781367297033571617e+01
7.382779803691249754e+01
6.245450391908904919e+01
4.792865113194764604e+01
1.256513173151036824e+02
5.776724899296827687e+01
3.186480542363930368e+01
2.856507500274070210e+01
3.211801165075140574e+01
1.251990816412648044e+01
2.415543943171392272e+01
1.440916273473342812e+01
0.000000000000000000e+00
1.275144654286222234e+01
1.650964835391975072e+01
1.677659745629465249e+01
4.332858802469722832e+02
3.122392349799302025e+01
5.170093509844031132e+01
4.379162476367821455e+01
4.792551458549951349e+01
9.279352833375183707e+01
1.294580729862427404e+01
6.791146176911517784e+01
2.921106456617176761e+01
2.815282861918578305e+01
9.665056302034925295e+01
6.419623810033158406e+01
4.160313653611882501e+01
3.629843933684627899e+01
5.072081358517016980e+01
2.601212050563963096e+00
2.798183160531917224e+01
1.997900697135032599e+00
1.570881416122105989e+01
0.000000000000000000e+00
0.000000000000000000e+00
2.943136965055624543e+01
1.304583412230446626e+01
1.759062608619260715e+01
2.452878437705144421e+01
2.539736565915079680e+01
6.848669743044945335e+01
5.820900190310337052e+01
3.545892726764839153e+01
3.256440712367127333e+01
1.462571737449070142e+01
2.199934220497968695e+01
3.164546775596281236e+01
4.221540669102562759e+01
3.618699408838324416e+01
2.831103584137127527e+01
7.279637082273168858e+01
5.263943843817708768e+01
2.851441353986798433e+01
3.117610069335172440e+01
4.336163782934379185e+01
1.603642080739428621e+01
1.159874632534403815e+01
1.743708944396946237e+01
0.000000000000000000e+00
3.642671494877322402e+01
1.391380759813896475e+02
2.249999088694608531e+02
2.308753222515551897e+02
1.294631288742770892e+02
6.933340958408093968e+01
8.091343496016403947e+01
1.060407447563487295e+02
1.140172226830958380e+02
6.097025673587261707e+01
8.757773284570114924e+01
3.202094772100891618e+01
3.767369169225288772e+01
5.185980396651748947e+01
3.564517691794257814e+01
6.183195731562147301e+01
2.512628385176452994e+01
3.925649994496605899e+01
3.918226662416676387e+00
3.878675363007091903e+01
2.042189723973815063e+01
0.000000000000000000e+00
