5.161011630085691877e+02
1.011595692702594761e+03
1.596173414668797705e+03
1.567568868858709720e+03
2.160574065093882382e+03
7.250640948028984667e+02
6.255646327795889192e+02
1.138944448228133297e+03
9.256691068419207795e+02
7.332884813285605787e+02
9.318155286081118902e+02
1.165159073944190368e+03
1.342509615972492838e+03
1.918369568446199992e+03
3.082537932743572583e+03
2.546946831105311048e+03
2.536620874951850055e+03
7.895562524865543992e+02
7.958315116200527655e+02
6.741166300544997512e+02
2.119452201933229389e+03
1.949680523281850355e+03
9.274884539686979679e+02
1.442139821474949258e+03
1.237704726799805712e+03
1.355022705002231078e+03
3.584958308968016354e+03
3.223825885530989581e+03
2.691452355543461636e+03
1.063331918638325305e+03
4.138819705535939306e+02
8.884333040391724126e+02
2.816954244790647863e+03
1.504511686430629425e+03
7.545561051451629737e+02
1.687461376713768004e+03
8.393367140560184225e+02
1.650990979053349520e+03
2.412803878948188867e+03
4.216381452697728491e+03
2.093192017051299899e+03
1.542618877199880899e+03
1.175385039481021977e+03
1.057092017283841415e+03
1.405187918498951376e+03
9.984906408299331133e+02
1.262759555154650570e+03
1.094786496270486850e+03
1.006761005465745825e+03
1.064285813872046219e+03
2.405922521774386951e+03
1.908398199615838848e+03
1.888616542495674366e+03
9.263030503782301821e+02
4.680713647567315547e+02
9.789497613912008092e+02
1.839015676637845218e+03
9.697594141259290836e+02
6.201486241314298695e+02
6.609170039641811627e+02
1.178538706306800805e+03
9.739113162284006648e+02
2.033983030977247154e+03
1.855001978576730608e+03
1.449221584007004139e+03
9.397700618432254487e+02
8.866626050231225236e+02
3.509036024832385579e+02
8.750268138495771382e+02
7.157853385328800186e+02
9.450132696675229909e+02
1.345585363356728067e+03
1.437827554371360520e+03
1.232237878890774255e+03
1.448993693166725279e+03
2.854041848736570500e+03
1.600764839659021391e+03
6.915097291130958865e+02
3.598926980035228667e+02
7.955785519791282923e+02
1.336640181378630814e+03
1.140119287183928236e+03
7.875855498008672839e+02
6.572473571250465056e+02
8.018282397154096088e+02
1.275298575938985778e+03
8.861019665717996077e+02
1.036848726527601912e+03
1.445274861257325938e+03
8.078199617079292238e+02
4.278370756147943439e+02
4.648227490523689767e+02
8.326806508208749165e+02
1.134192721322237503e+03
8.576895915218740356e+02
4.983792116875477518e+02
7.766745569892684671e+02
1.171365508958316013e+03
2.370480316292617317e+03
2.529378891036013556e+03
1.954622650183587666e+03
8.196720359326484413e+02
3.906900771490638249e+02
6.389333756407463625e+02
1.674261985250249381e+03
1.379676352870240862e+03
4.109890913416000444e+02
5.694174309329046082e+02
9.712444798011835019e+02
1.095596523524445502e+03
1.708277938702903612e+03
1.613184469138853274e+03
9.343490838869420259e+02
1.195259381239248341e+03
4.693011555630846487e+02
7.243474168362099590e+02
9.718355188879677371e+02
1.156736610969113599e+03
5.070210433112263217e+02
5.866880795648526146e+02
0.000000000000000000e+00
0.000000000000000000e+00
0.000000000000000000e+00
0.000000000000000000e+00
0.000000000000000000e+00
0.000000000000000000e+00
0.000000000000000000e+00
0.000000000000000000e+00
0.000000000000000000e+00
0.000000000000000000e+00
0.000000000000000000e+00
0.000000000000000000e+00
