7.485499999023784490e+00
6.289508490138594254e+00
7.322367388067091554e+01
8.411421365392870086e+01
2.584449114706832802e+02
3.014931026141257462e+02
1.415947499560899587e+03
1.368324265140417765e+03
1.142477678718871630e+03
2.578318501993812220e+02
3.661839899889973822e+02
2.144045007359259671e+03
2.291329821649383575e+03
3.928536857435663592e+02
3.793466404702967907e+02
2.470343234779254544e+02
4.103078082694555633e+02
1.936295167221745928e+01
1.659473838909386600e+01
2.643731350878342212e+01
3.473954623965381217e+01
1.397097080911501088e+01
2.418960352410383052e+01
1.096797793701404089e+02
1.144269046027745418e+02
4.224918669193218648e+02
3.921091889558496746e+02
2.483835447960007059e+01
2.047181527131122536e+01
1.717008652015090320e+02
1.480815076789885438e+02
5.612391621528062302e+01
5.769759682668689749e+01
3.955027910290818483e+01
3.954809430522394109e+01
2.246874545415673197e+01
3.174730778735174042e+01
1.767691528395745948e+01
1.642870179753739635e+01
3.624030181925587613e+01
3.570122205855157915e+01
3.876288939067294592e+01
2.709418461679152301e+02
3.796819673015011176e+02
6.500368285334216978e+01
6.382888792678379986e+01
2.846791401248647730e+02
3.214336036815423654e+02
2.588462812534112700e+01
3.084155978597432934e+01
4.778695051987867259e+01
6.453281435782385245e+01
8.328246034901872008e+01
5.770122684133007596e+01
4.308561182658041844e+01
3.090421386751738098e+01
2.516625307292843772e+01
2.034078858279429269e+01
3.046821872501181261e+01
4.310047891498061290e+01
5.284481197485155946e+01
4.649003419539139514e+01
3.855734888405714145e+01
3.241714393830937269e+01
8.647546692754389142e+01
7.305009940571333971e+01
0.000000000000000000e+00
0.000000000000000000e+00
0.000000000000000000e+00
0.000000000000000000e+00
0.000000000000000000e+00
0.000000000000000000e+00
0.000000000000000000e+00
0.000000000000000000e+00
0.000000000000000000e+00
0.000000000000000000e+00
0.000000000000000000e+00
0.000000000000000000e+00
0.000000000000000000e+00
0.000000000000000000e+00
0.000000000000000000e+00
0.000000000000000000e+00
0.000000000000000000e+00
0.000000000000000000e+00
0.000000000000000000e+00
0.000000000000000000e+00
0.000000000000000000e+00
0.000000000000000000e+00
0.000000000000000000e+00
0.000000000000000000e+00
0.000000000000000000e+00
0.000000000000000000e+00
0.000000000000000000e+00
0.000000000000000000e+00
0.000000000000000000e+00
0.000000000000000000e+00
0.000000000000000000e+00
0.000000000000000000e+00
0.000000000000000000e+00
0.000000000000000000e+00
0.000000000000000000e+00
0.000000000000000000e+00
0.000000000000000000e+00
0.000000000000000000e+00
0.000000000000000000e+00
0.000000000000000000e+00
0.000000000000000000e+00
0.000000000000000000e+00
0.000000000000000000e+00
0.000000000000000000e+00
0.000000000000000000e+00
0.000000000000000000e+00
0.000000000000000000e+00
0.000000000000000000e+00
0.000000000000000000e+00
0.000000000000000000e+00
0.000000000000000000e+00
0.000000000000000000e+00
0.000000000000000000e+00
0.000000000000000000e+00
0.000000000000000000e+00
0.000000000000000000e+00
0.000000000000000000e+00
0.000000000000000000e+00
0.000000000000000000e+00
0.000000000000000000e+00
0.000000000000000000e+00
0.000000000000000000e+00
0.000000000000000000e+00
0.000000000000000000e+00
0.000000000000000000e+00
0.000000000000000000e+00
0.000000000000000000e+00
0.000000000000000000e+00
0.000000000000000000e+00
0.000000000000000000e+00
0.000000000000000000e+00
0.000000000000000000e+00
0.000000000000000000e+00
0.000000000000000000e+00
0.000000000000000000e+00
0.000000000000000000e+00
0.000000000000000000e+00
0.000000000000000000e+00
0.000000000000000000e+00
0.000000000000000000e+00
0.000000000000000000e+00
0.000000000000000000e+00
0.000000000000000000e+00
0.000000000000000000e+00
0.000000000000000000e+00
0.000000000000000000e+00
0.000000000000000000e+00
0.000000000000000000e+00
0.000000000000000000e+00
0.000000000000000000e+00
0.000000000000000000e+00
0.000000000000000000e+00
0.000000000000000000e+00
0.000000000000000000e+00
0.000000000000000000e+00
0.000000000000000000e+00
0.000000000000000000e+00
0.000000000000000000e+00
0.000000000000000000e+00
0.000000000000000000e+00
0.000000000000000000e+00
0.000000000000000000e+00
0.000000000000000000e+00
0.000000000000000000e+00
0.000000000000000000e+00
0.000000000000000000e+00
0.000000000000000000e+00
0.000000000000000000e+00
0.000000000000000000e+00
0.000000000000000000e+00
0.000000000000000000e+00
0.000000000000000000e+00
0.000000000000000000e+00
0.000000000000000000e+00
0.000000000000000000e+00
0.000000000000000000e+00
0.000000000000000000e+00
0.000000000000000000e+00
0.000000000000000000e+00
0.000000000000000000e+00
0.000000000000000000e+00
