3.679922698561934169e+01
1.850718360913119298e+01
2.431973188313994072e+01
2.361072943723875994e+01
5.976932174385482455e+01
4.775124776826040573e+01
1.345008670489971109e+03
1.327782336159755687e+03
1.096333751728902371e+03
5.405112245229619816e+01
4.016682762947345253e+01
7.951315119520203325e+02
9.033154867818220737e+02
1.969447523984671022e+02
2.882222057346940574e+02
8.258550323152580859e+02
9.895586909399127080e+02
1.809807520144770763e+02
1.939889325268653693e+02
5.698963098987554758e+02
5.155281987668350894e+02
2.259328872046072775e+03
9.297451076819106675e+02
4.701880255657571865e+02
6.605160634407689031e+02
2.172444882060902671e+02
2.034729395622111667e+02
2.755651628270120909e+03
2.612401103508118013e+03
2.287160328068736135e+02
2.847066507460218645e+02
7.070903488951549889e+02
7.105304186373747370e+02
1.097602167460471264e+03
1.211288545953522771e+03
nan
nan
2.436997716738260067e+01
1.026349829859433527e+02
2.287633412905908301e+02
2.338651769437951771e+02
2.308221924060118511e+02
1.768035371179841604e+03
1.079853600206948386e+03
1.408607703071426840e+03
1.478286733798336400e+03
7.833102473842217478e+03
4.143609677699305394e+03
1.388795435580762387e+03
1.242764396185148144e+03
1.113864069196040987e+02
9.213451084203427399e+01
1.626474451244999031e+01
2.344205875449205223e+01
1.166104009044324386e+01
2.493313913116206848e+01
7.336062165463830809e+01
6.124308064204137736e+01
1.561224865022732047e+02
1.660311041600542978e+02
5.674905654852733505e+02
2.017128734537473349e+02
1.907705822494842778e+02
2.178782725124339095e+02
4.359248272400179189e+02
4.350875528803957764e+02
4.816261717424048960e+00
3.032313499885878283e+00
7.965314784825666017e+00
7.204279981478308947e+00
1.342752419419064758e+01
1.476099738203259903e+01
1.677608704223725908e+02
1.807653547384051933e+02
2.524852000030128920e+02
3.985244423968944716e+02
3.982799592611004300e+02
4.204394535423643333e+02
6.203588999858390451e+01
5.704081275704519527e+01
3.632564523246433197e+01
3.767114375119628988e+01
3.987799071088496561e+01
4.762705207722529366e+01
7.889437438035355399e+01
6.763554875051482895e+01
8.088206201463676734e+02
7.824029986440110633e+02
7.103879417555878035e+02
4.321630643147942124e+02
1.368736781542089147e+03
9.699923651757261496e+02
1.975309543955208937e+02
3.163919094119279976e+02
5.100153050450339833e+02
3.547734458370639459e+02
7.902935106458647851e+02
1.050048112090572431e+03
1.696396220656876039e+03
7.703985186640061329e+02
7.032593701205206571e+02
4.657971090269104479e+02
2.055261192639769661e+02
1.693316458725768427e+02
1.734710458710160310e+02
1.757724142628407265e+02
3.071073920454699646e+01
3.750932222765671042e+01
3.976825088231659322e+01
5.362687780290114148e+01
5.324576194126714768e+01
3.134398586862599245e+02
2.091467286133331811e+02
4.236717302617452333e+03
4.065200073674483065e+03
1.754489494748391678e+02
1.336228007082978309e+02
1.991258857650058417e+03
1.778901508927794339e+03
1.870562222803591112e+03
4.620333903677434684e+00
1.454438234736113600e+01
6.289508490138594254e+00
6.651927294572775651e+00
8.411421365392870086e+01
1.021169629001244772e+02
3.300298643563392602e+02
3.667620099474444828e+02
1.142477678718871630e+03
8.610068687670783447e+02
4.821485665424170293e+02
5.334325196900498440e+02
2.291329821649383575e+03
2.100943071983293976e+03
3.793466404702967907e+02
1.602089664390680355e+02
4.103078082694555633e+02
4.185574061484260824e+02
1.659473838909386600e+01
1.371212336258265729e+01
3.473954623965381217e+01
4.851948482148717545e+01
8.764368760051068818e+01
2.418960352410383052e+01
3.091822695059060422e+01
1.080296718780610945e+02
9.672123257607171354e+01
3.921091889558496746e+02
2.248229755417983995e+02
2.047181527131122536e+01
1.903079405164693938e+01
1.480815076789885438e+02
1.144693491646498842e+02
5.769759682668689749e+01
5.081593018531601302e+01
3.954809430522394109e+01
2.188705741458230847e+01
3.174730778735174042e+01
3.921512330255399803e+01
1.792626017261119387e+01
1.802246287117074885e+01
3.876288939067294592e+01
3.883977377924868790e+01
3.384467004629345297e+02
2.380048972894523729e+02
6.382888792678379986e+01
6.215014155477013702e+01
3.214336036815423654e+02
2.774761053508622695e+02
3.084155978597432934e+01
2.959733762109762978e+01
6.453281435782385245e+01
6.628860444779927263e+01
5.770122684133007596e+01
5.239112974274645040e+01
3.090421386751738098e+01
3.605145045904647105e+01
1.756557296416827540e+01
1.450283965628670479e+01
4.310047891498061290e+01
5.675345886418060104e+01
4.649003419539139514e+01
4.984466056229630482e+01
3.241714393830937269e+01
2.987288920641888978e+01
7.305009940571333971e+01
5.095793497988261578e+01
