6.045137731481481325e+01
6.051736111111111427e+01
6.147916666666667140e+01
6.154859953703703468e+01
6.244096064814814184e+01
6.251040509259259181e+01
6.347221064814814895e+01
6.353818287037037038e+01
6.354165509259259181e+01
6.443402777777778567e+01
6.450347222222222854e+01
6.546180555555555713e+01
6.553125000000000000e+01
6.649305555555555713e+01
6.656250000000000000e+01
6.745486111111111427e+01
6.752430555555555713e+01
6.848609953703703468e+01
6.855208333333334281e+01
6.944791666666667140e+01
6.951387731481482035e+01
7.047568287037036328e+01
7.054513888888889994e+01
7.143750000000000000e+01
7.150693287037036328e+01
7.246875000000000000e+01
7.253472222222222854e+01
7.349651620370369187e+01
7.356597222222222854e+01
7.445832175925926322e+01
7.452776620370370608e+01
7.548957175925924901e+01
7.555555555555555713e+01
7.645138888888889994e+01
7.651736111111111427e+01
7.747915509259259181e+01
7.754861111111111427e+01
7.844097222222222854e+01
7.851041666666667140e+01
7.947221064814814895e+01
7.953818287037036328e+01
7.954166666666667140e+01
8.043402777777778567e+01
8.050347222222222854e+01
8.146180555555555713e+01
8.153125000000000000e+01
8.249305555555555713e+01
8.256250000000000000e+01
8.345486111111111427e+01
8.352430555555555713e+01
8.448609953703703468e+01
8.455208333333334281e+01
8.544791666666667140e+01
8.551387731481482035e+01
8.647568287037036328e+01
8.654513888888889994e+01
8.743750000000000000e+01
8.750693287037036328e+01
8.846875000000000000e+01
8.853472222222222854e+01
8.949651620370369187e+01
8.956597222222222854e+01
9.045832175925926322e+01
9.052776620370370608e+01
9.148957175925924901e+01
9.155555555555555713e+01
9.245138888888889994e+01
9.251736111111111427e+01
9.347915509259259181e+01
9.354861111111111427e+01
9.444097222222222854e+01
9.451041666666667140e+01
9.547221064814814895e+01
9.553818287037036328e+01
9.643402777777778567e+01
9.650347222222222854e+01
9.746180555555555713e+01
9.753125000000000000e+01
9.849305555555555713e+01
9.856250000000000000e+01
9.945486111111111427e+01
9.952430555555555713e+01
1.004860995370370347e+02
1.005520833333333428e+02
1.014479166666666714e+02
1.015138773148148204e+02
1.024756828703703633e+02
1.025451388888888999e+02
1.034375000000000000e+02
1.035069328703703633e+02
1.044687500000000000e+02
1.045347222222222285e+02
1.054965162037036919e+02
1.055659722222222285e+02
1.064583217592592632e+02
1.065277662037037061e+02
1.074895717592592490e+02
1.075555555555555571e+02
1.084513888888888999e+02
1.085173611111111143e+02
1.094791550925925918e+02
1.095486111111111143e+02
1.104409722222222285e+02
1.105104166666666714e+02
1.114722106481481489e+02
1.115381828703703633e+02
1.124340277777777857e+02
1.125000000000000000e+02
1.125034722222222285e+02
1.134618055555555571e+02
1.135312500000000000e+02
1.144930555555555571e+02
1.145625000000000000e+02
1.154548611111111143e+02
1.155243055555555571e+02
1.164860995370370347e+02
1.165520833333333428e+02
1.174444328703703775e+02
1.174479166666666714e+02
1.175138773148148204e+02
1.184756828703703633e+02
1.185451388888888999e+02
1.194375000000000000e+02
1.195069328703703633e+02
1.204687500000000000e+02
1.205347222222222285e+02
1.214965162037036919e+02
1.215659722222222285e+02
1.224583217592592632e+02
1.225277662037037061e+02
1.234895717592592490e+02
1.235555555555555571e+02
1.244513888888888999e+02
1.245173611111111143e+02
1.254791550925925918e+02
1.255486111111111143e+02
1.264409722222222285e+02
1.265104166666666714e+02
1.274722106481481489e+02
1.275381828703703633e+02
1.284340162037037203e+02
1.285000000000000000e+02
1.285034722222222285e+02
1.294618055555555713e+02
1.295312500000000000e+02
1.304930555555555713e+02
1.305625000000000000e+02
1.314548611111111143e+02
1.315242939814814918e+02
1.324861111111111143e+02
1.325520717592592632e+02
1.334479050925926060e+02
1.335138773148148346e+02
1.344756944444444571e+02
1.345451273148148061e+02
1.354375000000000000e+02
1.355069444444444571e+02
1.364687500000000000e+02
1.365347222222222285e+02
1.374965277777777999e+02
1.375659606481481489e+02
1.384583333333333428e+02
1.385277662037037203e+02
1.394895833333333428e+02
1.395555439814814918e+02
1.404513773148148061e+02
1.405173611111111143e+02
1.414791666666666856e+02
1.415486111111111143e+02
1.424409606481481489e+02
1.425104050925926060e+02
1.434722222222222285e+02
1.435381944444444571e+02
1.444340162037037203e+02
1.445034722222222285e+02
1.454618055555555713e+02
1.455312500000000000e+02
1.464930555555555713e+02
1.465625000000000000e+02
1.474548611111111143e+02
1.475242939814814918e+02
1.484861111111111143e+02
1.485520717592592632e+02
1.494479050925926060e+02
1.495138773148148346e+02
1.504756944444444571e+02
1.505451273148148061e+02
